13066.2
12334.7
2046.5
Infinite
Infinite
6675.1
3446.2
5742.6
1916.6
2273.1
4322.2
5220.2
7489.1
3445.0
2882.7
22143.3
3819.3
4188.6
17017.1
3625.4
5900.1
Infinite
3915.8
5771.5
2747.0
3221.9
1043.4
9214.9
4970.1
1855.5
1001.1
2129.1
204.4
1145.2
1924.8
273.7
788.2
1744.0
203.0
879.7
2187.7
200.2
1082.0
2109.8
384.4
1658.8
2678.4
496.3
789.1
1906.4
455.1
743.0
2100.9
282.2
4073.6
3190.0
1567.5
8238.0
2746.5
2547.0
1602.6
1683.6
1465.8
1646.0
1811.9
3399.9
1582.4
2554.3
490.9
2264.0
3217.2
557.0
1362.4
1838.7
1311.3
2113.6
1986.5
5193.3
1071.3
1884.9
2044.9
798.3
1567.7
5615.0
5069.7
1680.6
2093.8
Infinite
1968.5
3032.1
4385.9
4504.7
1482.0
10062.4
3618.3
3317.7
3666.7
8357.1
1747.0
5958.4
6572.0
2296.7
943.0
3434.9
1395.9
1098.7
4204.9
3321.8
1440.0
2261.0
302.1
1570.5
2500.1
392.4
14042.6
9074.2
1548.9
23638.2
25978.9
2346.1
624.6
1330.3
255.4
527.3
1244.5
198.6
731.7
1371.6
197.2
969.9
1364.4
286.1
1425.1
1430.0
1640.6
1916.0
1782.5
1632.2
1005.4
1771.3
394.1
885.1
1578.2
350.7
2295.7
2289.5
916.4
8916.3
2176.0
1856.2
3090.9
3419.3
1043.6
8439.7
4578.2
2369.1
13302.3
3820.8
2723.8
6015.9
3079.9
2921.7
4016.6
2702.6
874.4
70815.9
4558.6
5228.5
2566.9
5897.4
1509.8
4948.7
13802.6
2452.8
6920.3
5544.7
3133.5
15022.4
5836.8
3717.2
