417.6
571.5
128.2
540.6
761.3
281.6
251.2
431.0
138.4
467.3
549.1
277.9
429.5
664.3
95.6
692.2
629.5
140.9
339.5
504.0
138.4
485.5
596.7
183.9
445.0
1090.6
315.3
725.4
947.8
335.3
571.5
620.4
389.2
323.4
711.1
151.3
249.4
547.1
81.1
478.2
705.5
173.0
376.5
456.4
118.3
353.1
691.1
139.6
286.8
589.3
112.9
343.2
584.8
138.1
400.8
529.9
250.6
477.5
548.1
436.9
342.1
471.4
143.3
438.1
533.4
268.9
343.5
648.0
234.9
749.0
747.0
408.7
231.5
315.2
137.0
447.8
773.3
660.0
365.5
465.5
199.3
556.7
660.6
332.4
366.3
715.4
190.3
650.8
660.9
341.0
221.6
361.9
353.9
341.7
549.8
683.2
366.9
562.3
238.5
952.3
765.4
485.8
350.5
530.6
181.2
607.9
700.6
716.0
232.1
356.7
151.1
1015.1
863.1
555.8
298.4
569.7
146.1
1197.4
1034.7
449.5
452.4
736.3
170.6
608.0
683.1
259.8
305.0
410.0
154.5
422.8
616.8
237.7
256.5
477.0
156.5
436.9
662.9
297.4
281.8
457.6
284.3
737.9
704.0
740.1
350.8
429.4
92.7
539.8
655.6
290.2
244.9
347.4
80.7
479.8
651.7
238.8
334.9
371.7
149.4
838.2
622.5
307.5
296.6
466.6
100.1
466.1
708.3
152.1
207.4
412.2
165.2
609.2
483.0
796.2
433.0
898.7
101.1
572.7
930.3
173.0
