396.1
440.4
129.2
350.8
654.2
264.3
1895.8
515.5
67161.7
427.9
622.0
631.0
264.7
521.1
452.4
455.0
895.4
348.7
537.7
399.1
258.4
606.1
511.0
432.7
1247.8
506.9
221.5
859.9
795.8
360.6
156.3
211.8
62.1
186.3
209.3
74.0
181.3
201.2
90.4
259.4
249.8
137.2
132.1
185.2
110.4
175.8
246.6
197.4
121.6
179.1
54.1
176.2
226.3
95.8
152.4
222.7
109.0
246.2
307.3
125.1
192.3
207.9
73.8
275.0
288.5
160.8
193.0
222.4
77.9
318.2
299.3
349.0
266.9
333.9
108.7
324.1
420.6
111.0
196.9
283.8
92.3
308.9
361.9
89.0
152.8
174.3
76.7
258.3
273.1
136.0
459.3
272.4
219.8
343.5
350.0
416.5
166.7
271.5
158.7
290.8
382.9
339.0
412.4
362.3
140.0
322.2
414.1
129.0
201.7
305.9
113.8
345.8
347.4
131.7
449.8
590.7
124.1
284.1
410.6
139.9
130.5
165.2
83.5
165.4
198.0
91.7
192.9
155.5
132.8
198.8
182.4
198.2
151.7
201.6
264.8
139.4
171.3
69.1
227.0
196.9
166.8
239.1
188.2
127.5
120.1
152.6
72.6
143.0
167.5
105.6
255.0
303.4
189.9
289.9
512.1
283.1
373.5
439.5
123.2
589.2
504.2
177.3
414.3
499.9
348.1
607.0
600.2
439.4
322.3
472.4
266.6
334.0
462.0
202.7
228.6
321.4
120.2
376.2
457.3
236.0
