5266.9
4020.0
1987.8
49625.5
4691.9
2677.0
6315.5
4218.5
2571.2
35337.0
5267.2
5419.8
6740.3
6829.7
1257.7
Infinite
8574.0
8462.5
5468.1
3285.0
2173.8
21249.2
4533.7
5902.2
1224.8
3975.3
414.6
1138.7
4733.2
620.5
52096.0
9306.0
3050.0
10902.6
9940.8
3194.3
19184.9
3418.1
3390.7
12820.0
3918.8
4255.5
5054.8
9902.6
721.7
5428.9
24882.4
812.1
8297.2
10909.3
2083.9
Infinite
20064.9
5125.3
1363.5
5318.4
2486.6
1690.6
6912.9
3615.0
Infinite
10054.0
1432.8
27378.1
6157.9
1727.7
14844.2
5690.9
945.2
339574.7
6668.3
3330.1
3477.4
4565.3
3523.7
132656.9
4471.5
5180.6
5844.3
2369.0
2286.5
Infinite
3408.1
8389.5
Infinite
4985.7
4250.4
49653.0
5283.1
3437.8
5554.9
5717.0
1451.4
Infinite
7715.1
3051.3
6754.6
9528.6
2304.1
21655.6
29470.4
2650.3
5874.8
5279.8
1271.0
Infinite
9174.7
5384.2
4085.5
5368.6
1206.6
83857.8
6595.5
4896.3
9874.1
3518.7
1453.8
25537.7
2913.1
4603.8
5509.6
9050.6
2056.3
Infinite
68827.5
3692.1
10015.7
12988.4
5438.7
Infinite
6902.5
5105.1
3711.0
3495.2
1419.6
19946.3
5499.0
4056.3
18803.8
8769.7
1764.0
515724.1
10216.2
2284.8
8413.5
7674.4
2938.6
99529.1
5320.8
7782.0
17570.3
2083.9
3495.2
27265.5
2893.3
2920.5
37172.2
10367.4
999.4
1260258.2
70592.4
5392.9
16058.0
3160.2
2047.9
Infinite
4796.8
4207.8
4462.3
2422.6
2529.3
5682.4
2504.8
2143.7
18729.0
8607.2
1509.9
117346.8
14377.8
2202.6
